23856
24403
24407
24408
24410
24411
25235
25236
25237
25239
25240
25241
25242
25244
25245
25246
25248
25249
25250
25251
25252
25253
25254
25255
25256
25257
25258
25259
25260
25261
25262
25263
25264
25265
25266
25267
25268
25269
25270
25271
25272
25273
25274
25275
25276
25277
25279
25280
25281
25282
25283
25284
25285
25286
25287
25288
25290
25291
25292
25293
25294
25295
25296
25297
25298
25299
25300
25301
25302
25304
25305
25306
25307
25308
25309
25310
25311
25312
25314
25315
25316
25317
25318
25319
25321
25322
25323
25324
25325
25326
25327
25328
25329
25330
25331
25332
25333
25334
25335
25336
25337
25338
25339
25340
25341
25342
25343
25344
25345
25346
25347
25348
25349
25350
25351
25352
25353
25354
25355
25356
25357
25358
25359
25360
25361
25362
25363
25364
25365
25367
25368
25369
25370
25371
25372
25373
25374
25375
25376
25377
25378
25379
25238
25243
25278
25289
25303
25313
25320
25366
